100
8601770
22683033
36587951
85816978
49911061
94796516
14031203
87900136
51402527
6947437
16265133
87783020
4833707
52909278
56318223
85216898
20354951
49899225
73477237
1216150
75473990
3664886
52803838
36853033
74311482
834135
13065478
86153745
89583711
46634349
15000576
6549276
63829356
3067017
40241202
17963754
16918134
9195479
2972738
99623510
70895299
52558434
58765167
15118926
83812190
21992449
77442843
17993918
7993410
70795726
30352630
64656769
93811572
79784303
55241691
56824135
98647952
38968120
93940651
21697357
2059372
49664788
48304768
69647996
9221275
51561715
51099270
85476145
9088167
54222575
65696780
12767623
88931832
41031337
44906604
40768835
30526824
94370099
91613848
45692066
47225770
26582673
41410442
38990208
70365047
43929820
21872178
99177797
22488933
86817904
39229844
46460429
45162487
31485698
36734845
20493804
3195625
78206135
18120518
11175981